1 700 650
10 1400 650
8 1400 600
2 1700 550
10 1800 450
8 1800 400
2 2100 550
6 2600 685
4 2800 650
8 2800 550
6 2900 685
11 3400 600
11 3600 600
2 3600 500
11 3800 600
5 5400 100
9 4300 650
10 4500 400
10 4800 500
8 4600 685
8 4700 685
1 4500 650
2 4600 400
3 4800 650
6 5000 685
6 5300 685
3 5400 650
5 6000 100
5 6800 100
5 7600 100
5 8200 100
8 5900 685
3 6100 650
10 6100 500
8 6500 685
3 6800 650
10 6800 500
8 7100 685
3 7300 650
10 7300 500
11 7600 600
11 7900 600
11 8100 600
10 8300 600
3 8300 540
4 8900 650
9 9100 660
8 9200 350
10 9200 400
6 9300 685
6 9400 685
6 9500 685
6 9600 685
6 9700 685
6 8700 685
4 9400 650
5 9600 100
10 10000 500
10 10500 500