8 800 680
8 1000 680
10 1400 650
10 1700 550
10 2000 450
1 2800 660
8 3100 300
11 3300 550
11 3600 550
11 3900 550
2 4800 400
6 4600 685
6 4632 685
6 5032 685
6 5000 685
7 4800 500
8 4800 680
3 6300 650
8 5900 660
9 6700 655
9 6800 655
9 6900 655
8 6700 300
8 6900 300
7 6800 300
10 7100 460
3 7100 400
10 7600 600
10 7900 600
11 7900 400
8 7600 570
8 7900 570
10 8200 600
3 8200 540
4 8800 660
8 8800 500
8 8600 500
7 9000 500
1 10000 660
1 9900 660
1 10100 660
6 9700 685
6 10000 685
8 9850 680
8 10100 680
8 10300 680
11 10700 550
11 11000 400
11 11300 500
11 11600 600
11 11900 450
2 11300 300
8 11000 200
8 11600 300
4 12800 660
4 13000 660
9 12900 650
8 12600 660
8 13000 660
7 12600 550
1 13500 660
5 14500 100
10 14000 500
10 13750 400
10 13500 300
8 13500 250
8 13250 200
5 15600 100
10 15000 400
2 15000 450
9 15000 660
7 15000 350
8 15000 500
3 15800 650
6 15600 685
6 15400 685
9 16000 650
11 16200 300
11 16400 150
11 16600 300
11 16800 150
11 17000 300
11 16400 500
11 16600 700
11 16800 500
8 16200 250
8 16400 100
8 16600 250
8 16800 100
8 17000 250
8 16400 450
7 16600 650
8 16800 450
5 17300 100
6 17700 685
5 18300 100
3 17700 650
4 18000 650
4 18300 650
4 18600 650
4 18900 650
5 18600 50
8 18000 450
8 18300 450
7 18600 450
8 18900 450